2020-Jan-01 00:00:00.0000 TDB 
 X =-2.545334341413143E+07 Y = 1.460912993606863E+08 Z =-2.712536257669330E+03
 VX=-2.986338200299215E+01 VY=-5.165822218319680E+00 VZ= 1.135505005904092E-03
 LT= 4.946491287896574E+02 RG= 1.482920781674100E+08 RR= 3.669268430296777E-02

2021-Jan-01 00:00:00.0000 TDB 
 X =-2.779049035695899E+07 Y = 1.455312795923398E+08 Z = 8.814216724157333E+03
 VX=-2.977742302555309E+01 VY=-5.541990311673212E+00 VZ=-8.567865615072279E-05
 LT= 4.942117060406686E+02 RG= 1.481609421263054E+08 RR= 1.417124165387649E-01

2022-Jan-01 00:00:00.0000 TDB 
 X =-2.741147560901964E+07 Y = 1.452697499646169E+08 Z = 1.907499306293577E+04
 VX=-2.981801522121922E+01 VY=-5.415519940416356E+00 VZ= 1.781036907294364E-03
 LT= 4.931188662353069E+02 RG= 1.478333169948559E+08 RR= 2.072915894018601E-01