2020-Jan-01 00:00:00.0000 TDB 
 X = 7.814210740177372E+07 Y =-7.769489405106664E+08 Z = 1.474081608655989E+06
 VX= 1.283931035365873E+01 VY= 1.930357075733133E+00 VZ=-2.952599466798547E-01
 LT= 2.604702080730629E+03 RG= 7.808700391399494E+08 RR=-6.363841977882982E-01

2021-Jan-01 00:00:00.0000 TDB 
 X = 4.540037859635507E+08 Y =-6.106824306900772E+08 Z =-7.623906324971437E+06
 VX= 1.032239783641968E+01 VY= 8.414060054192232E+00 VZ=-2.659049515828324E-01
 LT= 2.538399955695051E+03 RG= 7.609931621049104E+08 RR=-5.911797055091810E-01

2022-Jan-01 00:00:00.0000 TDB 
 X = 6.955554713494443E+08 Y =-2.679620040967891E+08 Z =-1.444959769995748E+07
 VX= 4.539612624165795E+00 VY= 1.280513202430234E+01 VZ=-1.547160200183022E-01
 LT= 2.486808898760221E+03 RG= 7.455265523355998E+08 RR=-3.641732897546518E-01