2020-Jan-01 00:00:00.0000 TDB 
 X =-1.980536587315298E+08 Y =-1.313944783612352E+08 Z = 2.072259408826552E+06
 VX= 1.439273929147519E+01 VY=-1.805004075338039E+01 VZ=-7.312486307777304E-01
 LT= 7.928310879089645E+02 RG= 2.376847806230425E+08 RR=-2.021056300922472E+00

2021-Jan-01 00:00:00.0000 TDB 
 X = 9.188652083011238E+07 Y = 2.066960166104883E+08 Z = 2.050037442135066E+06
 VX=-2.117842561361392E+01 VY= 1.201705801187304E+01 VZ= 7.716536642070588E-01
 LT= 7.545524978371975E+02 RG= 2.262091480166532E+08 RR= 2.384731562674305E+00

2022-Jan-01 00:00:00.0000 TDB 
 X =-1.309511800113446E+08 Y =-1.893127852169311E+08 Z =-7.714322563627958E+05
 VX= 2.090994470922250E+01 VY=-1.160503587417347E+01 VZ=-7.557181792809784E-01
 LT= 7.678362712048723E+02 RG= 2.301915230860633E+08 RR=-2.348554269655421E+00