2020-Jan-01 00:00:00.0000 TDB 
 X =-1.004313454665499E+07 Y =-6.782852744259514E+07 Z =-4.760875668975301E+06
 VX= 3.847265152100766E+01 VY=-4.158689617302953E+00 VZ=-3.869763814829368E+00
 LT= 2.292689573864673E+02 RG= 6.873310427798629E+07 RR=-1.249539930882863E+00

2021-Jan-01 00:00:00.0000 TDB 
 X = 3.446154413918527E+07 Y =-5.265576385326729E+07 Z =-7.612862671432048E+06
 VX= 3.088577672825592E+01 VY= 2.926663533302921E+01 VZ=-4.415271276125843E-01
 LT= 2.114434139139363E+02 RG= 6.338914078517035E+07 RR=-7.466960265288344E+00

2022-Jan-01 00:00:00.0000 TDB 
 X = 5.242617205495467E+07 Y =-5.596063357617276E+06 Z =-5.398976570474024E+06
 VX=-3.931719860392732E+00 VY= 5.056613955108243E+01 VZ= 4.493726800433638E+00
 LT= 1.767879757215043E+02 RG= 5.299970178639409E+07 RR=-9.686052014584085E+00