2020-Jan-01 00:00:00.0000 TDB 
 X = 4.374094185858724E+09 Y =-9.514046294520888E+08 Z =-8.121285263483042E+07
 VX= 1.119118833334523E+00 VY= 5.343445550714678E+00 VZ=-1.357620460013313E-01
 LT= 1.493401368989379E+04 RG= 4.477104671898911E+09 RR=-3.967341440130505E-02

2021-Jan-01 00:00:00.0000 TDB 
 X = 4.406237121156731E+09 Y =-7.817715306612253E+08 Z =-8.544724812280148E+07
 VX= 9.131118382280972E-01 VY= 5.383761815239780E+00 VZ=-1.318124637870108E-01
 LT= 1.492988828822808E+04 RG= 4.475867907593309E+09 RR=-3.892461282262273E-02

2022-Jan-01 00:00:00.0000 TDB 
 X = 4.431790029647159E+09 Y =-6.114486878261740E+08 Z =-8.954348455674592E+07
 VX= 7.066248666117450E-01 VY= 5.417073900824804E+00 VZ=-1.271380125837618E-01
 LT= 1.492588459364885E+04 RG= 4.474667630154320E+09 RR=-3.782745966628340E-02