2020-Jan-01 00:00:00.0000 TDB 
 X = 5.674913734259648E+08 Y =-1.388366508315161E+09 Z = 1.549279065912783E+06
 VX= 8.406493534983737E+00 VY= 3.627774825767542E+00 VZ=-3.983651503488090E-01
 LT= 5.003028243542089E+03 RG= 1.499870134574906E+09 RR=-1.778058503736513E-01

2021-Jan-01 00:00:00.0000 TDB 
 X = 8.203510692323909E+08 Y =-1.247065791174439E+09 Z =-1.097616802892506E+07
 VX= 7.531928429157777E+00 VY= 5.285840122285370E+00 VZ=-3.924010497060157E-01
 LT= 4.979241024449362E+03 RG= 1.492738905694112E+09 RR=-2.737637455973260E-01

2022-Jan-01 00:00:00.0000 TDB 
 X = 1.039929082221698E+09 Y =-1.056650148100382E+09 Z =-2.303098768547428E+07
 VX= 6.345150014839902E+00 VY= 6.756117343710409E+00 VZ=-3.704447196861729E-01
 LT= 4.945859638670994E+03 RG= 1.482731418000169E+09 RR=-3.586722761049687E-01