2020-Jan-01 00:00:00.0000 TDB 
 X =-5.683718842782438E+05 Y = 1.112952208755958E+06 Z = 3.459173372169666E+03
 VX=-1.446153155910682E-02 VY=-3.447513466324272E-03 VZ= 3.988450015258638E-04
 LT= 4.168511919829840E+00 RG= 1.249688434648087E+06 RR= 3.508066304527142E-03

2021-Jan-01 00:00:00.0000 TDB 
 X =-9.951149776804566E+05 Y = 8.981242663297001E+05 Z = 1.582299315984239E+04
 VX=-1.184292961911198E-02 VY=-9.977315669795683E-03 VZ= 3.738088240913444E-04
 LT= 4.471664494117159E+00 RG= 1.340571290042709E+06 RR= 2.111131368549064E-03

2022-Jan-01 00:00:00.0000 TDB 
 X =-1.283674643550172E+06 Y = 5.007104996950605E+05 Z = 2.589397504295033E+04
 VX=-5.809369653802155E-03 VY=-1.461959576560110E-02 VZ= 2.513455442031695E-04
 LT= 4.596898209846652E+00 RG= 1.378115413505728E+06 RR= 1.042465328393953E-04