2020-Jan-01 00:00:00.0000 TDB 
 X = 2.426731459899411E+09 Y = 1.703392613402010E+09 Z =-2.511227721322751E+07
 VX=-3.962351347249518E+00 VY= 5.256523406016862E+00 VZ= 7.095188573163291E-02
 LT= 9.890162822739678E+03 RG= 2.964996222649346E+09 RR=-2.237511420476020E-01

2021-Jan-01 00:00:00.0000 TDB 
 X = 2.295337452900150E+09 Y = 1.865127225288037E+09 Z =-2.280933478370965E+07
 VX=-4.344308379193909E+00 VY= 4.967784634337501E+00 VZ= 7.467934482288063E-02
 LT= 9.865715038990180E+03 RG= 2.957666961466432E+09 RR=-2.393125237696944E-01

2022-Jan-01 00:00:00.0000 TDB 
 X = 2.152570437700128E+09 Y = 2.016888245555490E+09 Z =-2.039611192913723E+07
 VX=-4.705853565766252E+00 VY= 4.652144641704226E+00 VZ= 7.821724397220797E-02
 LT= 9.839752784071738E+03 RG= 2.949883673249209E+09 RR=-2.537119547414031E-01