2020-Jan-01 00:00:00.0000 TDB 
 X = 1.076208530906284E+08 Y = 8.974077731382189E+06 Z =-6.131962732360962E+06
 VX=-2.693485036366443E+00 VY= 3.476650461674002E+01 VZ= 6.320912270841283E-01
 LT= 3.608106409929034E+02 RG= 1.081683089358181E+08 RR= 1.686833954423567E-01

2021-Jan-01 00:00:00.0000 TDB 
 X =-6.777799381680109E+07 Y =-8.435973949013360E+07 Z = 2.699580309768025E+06
 VX= 2.731259263921160E+01 VY=-2.176970460084272E+01 VZ=-1.875023187411546E+00
 LT= 3.610776993293855E+02 RG= 1.082483710109414E+08 RR=-1.826161595737358E-01

2022-Jan-01 00:00:00.0000 TDB 
 X =-1.143612889654620E+07 Y = 1.076180391552140E+08 Z = 2.081921801192194E+06
 VX=-3.498958532524220E+01 VY=-3.509011592387367E+00 VZ= 1.971012081662609E+00
 LT= 3.610630923677245E+02 RG= 1.082439919540012E+08 RR= 2.458885099605804E-01